0.261437
13.073209 0.355871
8.498064 0.385170 0.875808
0.343780 0.348527 2.745017 3.385483
0.258514 0.483968 1.039226 0.916344 17.756919
0.654950 0.913924 9.834742 2.471912 6.677050 4.971495
1.074011 1.344678 0.878480 5.737159 1.035903 1.320618 1.389531
0.748848 0.175520 0.593504 0.585570 0.295602 0.411876 0.221633 2.178078
1.719470 0.512823 0.749303 6.999812 1.481997 3.872065 8.695395 1.111068 0.137367
0.369522 0.780914 0.575774 2.166428 1.793263 0.976165 0.815145 9.031309 0.060834 0.558388
0.238509 1.561052 0.417921 0.165543 0.249141 0.228492 0.344742 5.891807 4.248714 0.182762 2.059884
0.332072 0.310131 0.040759 1.667702 0.093875 1.037434 0.130301 4.702782 0.908311 0.493863 1.951862 3.374029
0.180267 0.027521 0.061388 0.570101 0.226848 0.248907 0.253975 0.283138 0.025465 4.206114 0.141408 0.052650 0.701260
0.059345 0.104569 0.218260 0.427146 0.750049 0.342577 2.306480 0.327901 0.058613 0.358032 1.268126 0.641194 0.867233 0.254720
0.051387 0.191295 0.194527 0.104597 0.153722 0.137437 0.218892 0.068785 0.031054 0.088935 0.990922 1.355342 1.203830 0.078264 0.883283
0.055146 0.023466 0.109420 0.057557 0.169527 0.814216 0.191881 0.309129 0.144367 0.651978 0.111568 0.081683 0.450959 2.561108 0.387902 0.056276
0.015540 0.295416 0.052641 0.065118 0.167406 0.286232 0.546974 0.094349 0.024196 0.226460 0.153549 0.133793 0.456304 0.147600 5.151337 1.003647 0.345622
0.021996 0.019789 0.013820 0.149898 0.100576 0.090751 0.043664 0.033343 0.001527 0.073342 0.422299 0.011705 0.077693 0.083799 2.187901 4.577473 0.068649 2.160734
0.009357 0.059641 0.012944 0.102572 0.063281 0.068606 0.033356 0.292022 0.024474 0.497973 0.085468 0.118366 0.633943 6.549427 1.329239 0.242657 1.883741 1.581972 0.534407
0.012566 0.013322 0.013777 0.012970 0.011033 0.015906 0.013301 0.035417 0.039603 0.014597 0.048583 0.087158 0.020325 0.045210 0.031334 0.199064 0.012672 0.147775 0.161107 0.064281
