0.137858
8.395674 0.310374
4.535840 0.107738 0.671062
0.442886 0.368816 3.906971 2.748646
0.198690 0.321347 0.673046 0.848592 18.390649
0.427451 0.601413 8.922739 2.062501 6.993941 4.205085
0.969189 0.710100 0.528944 3.611589 0.784754 0.834735 0.881934
0.572264 0.073794 0.650009 0.632317 0.652336 0.573207 0.345345 1.439305
1.181781 0.332910 0.701108 4.969855 1.365814 2.699661 7.620453 0.746876 0.195346
0.223054 0.419070 0.461329 1.573584 1.091322 0.574277 0.763848 6.616977 0.076195 0.396095
0.364260 1.126387 0.954795 0.246649 0.624622 0.406682 0.735862 5.908551 1.958847 0.312042 1.856381
0.420726 0.150346 0.048284 1.295138 0.238266 0.837291 0.259335 4.765870 0.486274 0.551188 2.038789 3.292044
0.182565 0.060323 0.157796 0.640140 0.323966 0.354167 0.368725 0.207489 0.037084 4.307140 0.111492 0.128158 0.793990
0.048508 0.078902 0.384585 0.382156 1.524446 0.581287 2.672887 0.235963 0.051334 0.386066 1.282643 0.610604 0.963147 0.293629
0.051117 0.273919 0.258245 0.115545 0.431385 0.158227 0.338262 0.066465 0.045770 0.089942 1.668063 1.982761 2.065903 0.144981 1.456614
0.078896 0.050943 0.125541 0.127255 0.056498 0.654056 0.188732 0.151483 0.104279 0.547504 0.062698 0.069294 0.517561 2.857446 0.425274 0.113899
0.026095 0.208204 0.087780 0.086876 0.288480 0.338853 0.867777 0.114374 0.017129 0.309774 0.249302 0.142298 0.484427 0.241076 6.858529 1.382024 0.454998
0.030240 0.056230 0.039235 0.184028 0.219252 0.127041 0.065984 0.060111 0.005033 0.098525 0.701247 0.071000 0.180591 0.140691 3.752286 10.113118 0.066927 3.477136
0.031532 0.062410 0.004923 0.102656 0.104308 0.047666 0.129867 0.219009 0.039185 0.701690 0.070553 0.124670 0.699124 9.711414 1.568249 0.295718 2.668838 2.019473 0.643782
0.032350 0.072705 0.017625 0.032404 0.012720 0.021199 0.017469 0.061298 0.089270 0.021090 0.061705 0.102123 0.018985 0.039682 0.029789 0.093184 0.013496 0.123866 0.083642 0.055399
