0.353000
11.245156 0.369483
7.439896 0.319458 0.986572
0.569108 0.361488 3.209588 2.780107
0.301050 0.385197 0.901135 1.120865 15.783354
1.082540 0.805706 7.561773 2.843187 6.179905 4.319791
1.265211 1.924898 0.902504 5.296628 0.979654 0.955160 1.315182
1.036117 0.482895 0.780808 0.972660 0.413960 0.568883 0.409083 3.903795
1.747672 0.520098 0.842239 7.344935 1.002075 3.138701 9.559763 0.862633 0.146008
0.299635 0.915879 0.621903 2.461831 1.343261 0.445571 0.830637 9.298787 0.184055 0.468356
0.315205 1.100574 0.668735 0.209784 0.380075 0.317211 0.465495 6.832958 3.614157 0.249929 2.223205
0.110768 0.112549 0.009874 1.356293 0.093004 0.884449 0.215988 6.144756 0.894733 0.379845 2.943208 2.214446
0.286594 0.088981 0.167425 0.693402 0.275998 0.329591 0.259566 0.335859 0.049038 6.332054 0.137177 0.082948 0.866329
0.076761 0.074069 0.249045 0.398602 0.972247 0.411553 1.665645 0.330305 0.068128 0.256194 1.515339 0.371379 0.727245 0.261754
0.106294 0.373870 0.297915 0.175068 0.240157 0.142986 0.159520 0.144230 0.080925 0.085103 2.572837 1.390479 1.687293 0.115941 1.097345
0.132125 0.044938 0.191952 0.110928 0.099137 0.806724 0.388313 0.215329 0.271274 0.909529 0.087955 0.062541 0.414525 3.125017 0.543577 0.089110
0.015874 0.144341 0.063675 0.113728 0.185249 0.285199 0.547078 0.080478 0.021607 0.303531 0.208091 0.096230 0.439724 0.177755 3.649539 0.953785 0.343842
0.017492 0.058167 0.037593 0.206475 0.185911 0.103290 0.123433 0.072343 0.010910 0.071273 0.911139 0.059633 0.286194 0.093136 2.940308 6.414688 0.025790 2.097349
0.041118 0.057968 0.039991 0.096446 0.064774 0.043519 0.102460 0.328917 0.041269 0.839126 0.158763 0.075616 0.636688 8.344684 1.173962 0.264988 2.467147 1.551814 0.376556
0.014079 0.015640 0.023096 0.016487 0.014668 0.021566 0.020232 0.037275 0.032822 0.014618 0.043095 0.158060 0.016937 0.036330 0.042840 0.113263 0.012211 0.198900 0.114447 0.053434
