0.246129
10.030310 0.295079
6.505182 0.214521 0.804756
0.459939 0.347219 3.482941 2.851914
0.247537 0.356417 0.917979 0.981635 17.781822
0.682052 0.654039 8.670112 2.439639 6.815411 4.570308
1.158990 1.151114 0.737456 4.725421 0.925355 0.979993 1.120931
0.810727 0.179095 0.636675 0.810739 0.484653 0.539246 0.330139 2.279470
1.540002 0.428213 0.750683 6.308043 1.247888 3.175221 8.675492 0.886126 0.183743
0.289641 0.601281 0.539892 2.007592 1.401676 0.630713 0.787821 8.190534 0.097432 0.467489
0.283859 0.986621 0.748479 0.201335 0.433721 0.338649 0.543136 5.925588 2.700465 0.237686 1.958501
0.312005 0.164228 0.024055 1.353325 0.117548 0.904730 0.216787 5.111992 0.701320 0.469875 2.284140 2.640244
0.202611 0.059308 0.137306 0.615093 0.280737 0.312038 0.293543 0.264401 0.035497 4.938330 0.133054 0.084768 0.788164
0.057176 0.074086 0.291379 0.380964 1.082403 0.448773 2.089412 0.275366 0.054491 0.307450 1.340732 0.497479 0.815999 0.264540
0.058637 0.213475 0.239406 0.112176 0.244336 0.140091 0.203946 0.079878 0.044011 0.085226 1.592560 1.387752 1.575057 0.108383 1.033583
0.085810 0.047127 0.155877 0.109073 0.115777 0.784449 0.297731 0.209085 0.157418 0.708743 0.097054 0.068357 0.457880 2.905674 0.477495 0.081135
0.017526 0.170780 0.073392 0.088243 0.219757 0.314159 0.641784 0.089611 0.017752 0.277023 0.202812 0.124047 0.449241 0.180086 4.759683 1.035942 0.374568
0.020816 0.037671 0.030581 0.162644 0.161658 0.099241 0.082745 0.051057 0.005017 0.075820 0.644041 0.044209 0.166986 0.101803 2.817174 6.427279 0.054134 2.383760
0.026160 0.057233 0.022760 0.098936 0.077917 0.055530 0.091948 0.274582 0.034431 0.675645 0.103118 0.093991 0.662517 8.142914 1.296869 0.278010 2.362999 1.672365 0.521416
0.018583 0.030913 0.018723 0.019852 0.012776 0.019475 0.017275 0.043472 0.050388 0.016402 0.049935 0.123119 0.018711 0.039929 0.035838 0.133894 0.012600 0.161399 0.119697 0.057019
