0.406682 
0.246649 0.848592 
0.364260 0.198690 4.535840 
3.292044 0.837291 1.295138 0.420726 
0.735862 4.205085 2.062501 0.427451 0.259335 
0.954795 0.673046 0.671062 8.395674 0.048284 8.922739 
1.958847 0.573207 0.632317 0.572264 0.486274 0.345345 0.650009 
0.312042 2.699661 4.969855 1.181781 0.551188 7.620453 0.701108 0.195346 
0.071000 0.127041 0.184028 0.030240 0.180591 0.065984 0.039235 0.005033 0.098525 
0.142298 0.338853 0.086876 0.026095 0.484427 0.867777 0.087780 0.017129 0.309774 3.477136 
0.624622 18.390649 2.748646 0.442886 0.238266 6.993941 3.906971 0.652336 1.365814 0.219252 0.288480 
0.610604 0.581287 0.382156 0.048508 0.963147 2.672887 0.384585 0.051334 0.386066 3.752286 6.858529 1.524446 
0.124670 0.047666 0.102656 0.031532 0.699124 0.129867 0.004923 0.039185 0.701690 0.643782 2.019473 0.104308 1.568249 
1.126387 0.321347 0.107738 0.137858 0.150346 0.601413 0.310374 0.073794 0.332910 0.056230 0.208204 0.368816 0.078902 0.062410 
5.908551 0.834735 3.611589 0.969189 4.765870 0.881934 0.528944 1.439305 0.746876 0.060111 0.114374 0.784754 0.235963 0.219009 0.710100 
1.856381 0.574277 1.573584 0.223054 2.038789 0.763848 0.461329 0.076195 0.396095 0.701247 0.249302 1.091322 1.282643 0.070553 0.419070 6.616977 
0.069294 0.654056 0.127255 0.078896 0.517561 0.188732 0.125541 0.104279 0.547504 0.066927 0.454998 0.056498 0.425274 2.668838 0.050943 0.151483 0.062698 
0.128158 0.354167 0.640140 0.182565 0.793990 0.368725 0.157796 0.037084 4.307140 0.140691 0.241076 0.323966 0.293629 9.711414 0.060323 0.207489 0.111492 2.857446 
1.982761 0.158227 0.115545 0.051117 2.065903 0.338262 0.258245 0.045770 0.089942 10.113118 1.382024 0.431385 1.456614 0.295718 0.273919 0.066465 1.668063 0.113899 0.144981 
0.102123 0.021199 0.032404 0.032350 0.018985 0.017469 0.017625 0.089270 0.021090 0.083642 0.123866 0.012720 0.029789 0.055399 0.072705 0.061298 0.061705 0.013496 0.039682 0.093184
