0.228829
3.100403 0.214847
3.902456 0.068692 0.285806
0.105450 0.195470 0.730337 1.677194
0.051052 0.166534 0.137928 0.505837 3.881079
0.399061 0.362501 2.514377 1.301786 2.570254 2.039552
0.975564 1.223981 0.382235 4.412265 0.592156 0.751947 1.033459
0.885317 0.148900 0.303966 1.820100 0.279865 0.363365 0.320746 1.970857
0.700890 0.323141 0.270957 4.949307 0.598289 2.288922 3.755421 0.993310 0.401311
0.368887 0.413148 0.511390 2.133604 1.147459 0.584329 1.013613 7.384701 0.174527 0.580960
0.658902 1.270693 1.306565 0.483150 0.697731 0.526738 1.280002 4.826665 1.370782 0.540809 2.131819
0.129989 0.156216 0.033946 0.961103 0.146263 2.214326 0.456521 5.294149 0.886564 2.172284 2.067387 2.051872
0.121313 0.043249 0.064648 0.599369 0.084962 0.196271 0.158470 0.405310 0.039280 8.230282 0.234217 0.208643 3.842632
0.066925 0.099252 0.188160 0.539827 1.013268 0.656943 1.973592 0.557254 0.158136 0.519993 2.960091 1.043937 1.846562 0.812142
0.073705 0.368231 0.484620 0.172264 0.348362 0.313443 0.497398 0.266531 0.132496 0.329895 3.184874 2.544463 4.207648 0.459187 4.136445
0.042618 0.045945 0.048276 0.061094 0.052858 0.475590 0.210329 0.316078 0.186382 0.961546 0.144393 0.143081 1.603125 4.903887 1.328785 0.252132
0.021949 0.343919 0.110508 0.158937 0.313102 0.670514 1.261113 0.389101 0.052946 0.869247 0.522334 0.430511 1.702066 0.713426 14.176858 3.466991 1.130724
0.018315 0.071992 0.084442 0.337226 0.338782 0.237023 0.212032 0.190509 0.012279 0.317239 2.563630 0.171986 1.037046 0.517123 9.483497 23.711178 0.208313 8.675343
0.026918 0.087020 0.023999 0.182522 0.044792 0.097443 0.080193 0.668834 0.084663 2.047163 0.244420 0.265209 3.002586 23.228875 3.261401 1.199764 5.210001 4.802817 2.193062
0.087976 0.060124 0.128039 0.047163 0.094639 0.078147 0.058526 0.055346 0.056993 0.024856 0.051290 0.088367 0.004517 0.021554 0.012338 0.036718 0.006771 0.045202 0.025277 0.016158
