0.603175 
0.478745 0.562615 
0.608325 0.056553 3.755571 
2.371839 2.480665 0.889513 0.170707 
1.551117 2.685995 1.462350 0.424139 0.669728 
1.624084 0.129505 0.314826 3.404205 0.049823 3.375473 
0.987777 0.356744 1.294077 0.640234 0.583980 0.331879 0.304731 
0.667236 2.788429 4.719171 0.731257 1.872668 4.612209 0.316233 0.320454 
0.186911 0.269245 0.318538 0.028464 0.987958 0.242926 0.090427 0.007312 0.327205 
0.527992 0.844027 0.167295 0.021423 1.623589 1.636879 0.135662 0.044560 0.939347 10.338048 
0.842575 5.076266 1.736167 0.106076 0.132985 3.365869 0.969736 0.270931 0.669196 0.356829 0.352830 
1.296147 0.863599 0.469732 0.075018 1.832599 2.642602 0.217378 0.107935 0.624941 10.670411 17.593544 1.247987 
0.325034 0.135328 0.192352 0.021631 2.731423 0.103263 0.027708 0.060740 2.148472 2.344767 5.497995 0.057563 3.278627 
1.670091 0.235642 0.042844 0.164518 0.112539 0.479958 0.326780 0.057540 0.291899 0.110067 0.380466 0.240061 0.109541 0.083760 
5.098150 0.831455 3.661924 0.978777 4.500240 1.064732 0.455496 1.095629 0.915898 0.226713 0.405000 0.608323 0.525496 0.593321 1.035726 
2.174502 0.630453 1.791747 0.396219 1.681712 1.083797 0.556968 0.100584 0.457070 2.361119 0.543612 1.211816 2.987220 0.198957 0.368383 7.505908 
0.203719 0.615713 0.044203 0.046952 1.745090 0.303876 0.050920 0.155176 0.920001 0.165182 1.385828 0.055323 1.274920 5.896599 0.059081 0.303111 0.156402 
0.271220 0.253084 0.643377 0.142691 3.763228 0.209729 0.093004 0.035856 8.167503 0.490579 0.894778 0.077103 1.029700 26.210400 0.045876 0.373529 0.218567 5.726440 
3.470639 0.410713 0.180011 0.081584 4.323431 0.751254 0.686467 0.086874 0.318032 29.800262 3.856040 0.482930 4.862267 1.182403 0.390522 0.268937 2.836818 0.229423 0.453335 
0.071716 0.058979 0.060316 0.101089 0.005039 0.044673 0.093349 0.105394 0.026228 0.020220 0.037831 0.081647 0.010677 0.015875 0.090566 0.065046 0.054453 0.005546 0.019924 0.031432
