0.164518
3.404205 0.326780
3.755571 0.042844 0.314826
0.106076 0.240061 0.969736 1.736167
0.056553 0.235642 0.129505 0.562615 5.076266
0.424139 0.479958 3.375473 1.462350 3.365869 2.685995
0.978777 1.035726 0.455496 3.661924 0.608323 0.831455 1.064732
0.640234 0.057540 0.304731 1.294077 0.270931 0.356744 0.331879 1.095629
0.731257 0.291899 0.316233 4.719171 0.669196 2.788429 4.612209 0.915898 0.320454
0.396219 0.368383 0.556968 1.791747 1.211816 0.630453 1.083797 7.505908 0.100584 0.457070
0.608325 1.670091 1.624084 0.478745 0.842575 0.603175 1.551117 5.098150 0.987777 0.667236 2.174502
0.170707 0.112539 0.049823 0.889513 0.132985 2.480665 0.669728 4.500240 0.583980 1.872668 1.681712 2.371839
0.142691 0.045876 0.093004 0.643377 0.077103 0.253084 0.209729 0.373529 0.035856 8.167503 0.218567 0.271220 3.763228
0.075018 0.109541 0.217378 0.469732 1.247987 0.863599 2.642602 0.525496 0.107935 0.624941 2.987220 1.296147 1.832599 1.029700
0.081584 0.390522 0.686467 0.180011 0.482930 0.410713 0.751254 0.268937 0.086874 0.318032 2.836818 3.470639 4.323431 0.453335 4.862267
0.046952 0.059081 0.050920 0.044203 0.055323 0.615713 0.303876 0.303111 0.155176 0.920001 0.156402 0.203719 1.745090 5.726440 1.274920 0.229423
0.021423 0.380466 0.135662 0.167295 0.352830 0.844027 1.636879 0.405000 0.044560 0.939347 0.543612 0.527992 1.623589 0.894778 17.593544 3.856040 1.385828
0.028464 0.110067 0.090427 0.318538 0.356829 0.269245 0.242926 0.226713 0.007312 0.327205 2.361119 0.186911 0.987958 0.490579 10.670411 29.800262 0.165182 10.338048
0.021631 0.083760 0.027708 0.192352 0.057563 0.135328 0.103263 0.593321 0.060740 2.148472 0.198957 0.325034 2.731423 26.210400 3.278627 1.182403 5.896599 5.497995 2.344767
0.101089 0.090566 0.093349 0.060316 0.081647 0.058979 0.044673 0.065046 0.105394 0.026228 0.054453 0.071716 0.005039 0.019924 0.010677 0.031432 0.005546 0.037831 0.020220 0.015875
