0.323498
2.999742 0.237715
3.064314 0.061969 0.390888
0.113637 0.164055 0.582536 1.682415
0.056291 0.147481 0.120122 0.569806 3.090263
0.426399 0.387521 1.881156 1.331570 2.085253 1.606282
0.840686 1.355810 0.382956 5.245486 0.655759 0.749554 1.177802
1.272893 0.641036 0.656603 2.269617 0.376534 0.736168 0.622430 6.139836
0.666491 0.433529 0.265244 5.484997 0.554395 2.032567 3.380526 1.086779 0.557878
0.406219 0.622665 0.538553 3.248881 1.193593 0.623328 1.214278 7.975653 0.867954 0.747654
0.698268 1.118844 1.005936 0.551823 0.598864 0.434227 0.986617 5.069051 3.221202 0.515574 2.949741
0.016649 0.171678 0.021217 1.077282 0.207957 2.379205 0.409724 7.114530 1.771711 2.985549 3.345739 2.026002
0.118188 0.046460 0.059999 0.678775 0.086974 0.197878 0.139485 0.489820 0.051336 10.200670 0.247367 0.205680 4.183184
0.062290 0.063832 0.173293 0.704087 0.867109 0.528354 1.507620 0.682174 0.356580 0.492228 3.516479 0.799278 2.303849 0.741023
0.083648 0.675560 0.409105 0.235248 0.300727 0.280293 0.429196 0.336101 0.447130 0.351675 4.426709 2.494211 5.509932 0.588217 4.126659
0.055309 0.071865 0.046886 0.090971 0.054622 0.394156 0.185912 0.359167 0.451084 1.173014 0.106921 0.115446 1.947845 4.904042 1.516237 0.309940
0.022077 0.359935 0.089148 0.178015 0.290692 0.583849 1.046125 0.424579 0.104708 0.875298 0.754081 0.328669 2.045404 0.721921 12.162732 3.840750 1.078778
0.009830 0.069102 0.069562 0.441585 0.371883 0.241566 0.198621 0.194824 0.043838 0.339616 3.316346 0.200810 1.541200 0.507328 10.028453 23.404006 0.277029 8.628242
0.030759 0.126592 0.022890 0.192262 0.041675 0.083117 0.078062 0.753148 0.181917 2.406824 0.366653 0.256227 4.328951 24.191458 3.521229 1.483049 5.813526 4.856941 2.014776
0.085821 0.029895 0.167709 0.037357 0.106612 0.094038 0.073078 0.044902 0.025416 0.021634 0.037901 0.115826 0.003363 0.018548 0.013318 0.030407 0.006460 0.050238 0.024147 0.013330
