0.376163
3.317186 0.240501
5.944290 0.232578 0.346338
0.109305 0.248475 0.653339 1.844049
0.048553 0.250470 0.127150 0.420578 3.571104
0.338823 0.502379 2.724696 1.435926 2.232749 1.882317
0.814153 1.258172 0.595351 5.008997 0.542021 0.866957 1.192080
1.216518 0.302007 0.353970 1.379174 0.195325 0.351041 0.199361 2.514269
0.717363 0.283950 0.347165 4.150252 0.547017 2.215990 3.768864 0.993487 0.313421
0.203392 0.258896 0.583757 1.618299 0.934230 0.446367 0.840646 4.504833 0.071515 0.466886
1.010693 3.082729 1.131098 0.597009 0.519389 0.464716 1.156023 7.012884 4.638659 0.657615 2.037755
0.236108 0.290522 0.061060 0.878468 0.103105 2.088244 0.482742 4.758346 1.396050 1.853969 1.177421 3.915828
0.086495 0.061656 0.041481 0.433021 0.087476 0.091803 0.111578 0.338111 0.048438 4.904785 0.129249 0.194998 3.074882
0.063591 0.226716 0.194697 0.558751 0.862547 0.640712 2.088441 0.512591 0.291701 0.321392 2.245607 1.658261 1.694880 0.640594
0.061503 0.138035 0.450783 0.127240 0.233848 0.216605 0.390874 0.159602 0.132513 0.234279 1.615372 2.811391 2.320268 0.186175 3.363159
0.019596 0.015240 0.037725 0.087717 0.039952 0.385971 0.127027 0.301259 0.217844 0.822780 0.102153 0.171334 1.015512 2.902137 0.977419 0.132268
0.039188 0.606936 0.112010 0.105529 0.253086 0.510585 1.017577 0.349525 0.044661 0.772131 0.260405 0.516672 1.808273 0.411742 12.392618 2.539512 0.777332
0.032361 0.013574 0.104678 0.347281 0.219311 0.127092 0.171553 0.135167 0.010608 0.309418 1.503883 0.078558 0.605448 0.336528 6.220456 12.181354 0.095756 5.693102
0.034872 0.058246 0.026972 0.132019 0.032198 0.064894 0.085745 0.744682 0.099963 1.388250 0.123552 0.426071 2.076573 14.126821 3.134107 0.717467 3.217291 3.859637 1.765294
0.052848 0.037395 0.107749 0.034408 0.098127 0.090761 0.053817 0.056505 0.024812 0.029498 0.094326 0.043140 0.006370 0.039238 0.013722 0.080099 0.012045 0.050167 0.049134 0.025841
