0.394456
5.243870 0.419409
5.076149 0.161787 0.541712
0.282959 0.390322 1.807177 2.145078
0.123954 0.332533 0.363970 0.751878 6.326067
0.523386 0.624294 4.128591 1.695752 3.234294 2.807908
1.240275 1.338132 0.611973 4.008358 0.748683 0.858151 1.223828
0.844926 0.196961 0.348847 1.437645 0.296636 0.390192 0.267959 1.739990
0.927114 0.508851 0.423881 4.509238 0.697264 2.426601 4.813505 0.990012 0.311484
0.425860 0.571468 0.604545 2.000679 1.136863 0.578987 1.080136 6.472279 0.129836 0.584262
0.395144 1.177651 1.038545 0.276818 0.536518 0.425093 0.969894 4.727182 2.066040 0.358858 2.139501
0.062556 0.075382 0.003499 0.528768 0.013266 0.534551 0.084808 2.784478 0.569265 0.640543 1.143480 2.489084
0.135107 0.089613 0.120037 0.612025 0.131932 0.314440 0.257336 0.400547 0.054679 5.306834 0.245841 0.218959 1.165532
0.025548 0.099849 0.173735 0.371004 0.656604 0.484133 1.672569 0.346960 0.139538 0.442472 2.020366 1.124035 0.893680 0.481306
0.037967 0.296501 0.245034 0.083688 0.185202 0.170887 0.210332 0.098369 0.076701 0.119013 2.188158 2.547870 1.959291 0.249313 1.898718
0.029890 0.095131 0.077852 0.045376 0.049906 0.593607 0.236199 0.248862 0.268491 0.597054 0.140825 0.180717 0.670128 3.151815 0.696175 0.189510
0.015076 0.249060 0.069673 0.068427 0.137500 0.301848 0.582457 0.182287 0.044261 0.366317 0.302936 0.395337 0.594007 0.299648 6.312358 1.702745 0.619632
0.010690 0.078281 0.044265 0.191503 0.159069 0.126991 0.072854 0.064105 0.008705 0.108882 1.033739 0.149830 0.320627 0.232523 4.273607 10.649107 0.111660 4.145067
0.017416 0.094464 0.018811 0.089525 0.023918 0.052722 0.035855 0.361819 0.089586 0.682139 0.165001 0.253701 1.105251 7.803902 1.798853 0.654683 2.457121 2.592692 1.112727
0.05305195 0.04403996 0.07158593 0.04197696 0.06459994 0.05594094 0.04076696 0.06119694 0.05733694 0.02235498 0.05328695 0.07906592 0.01293699 0.03415497 0.02295098 0.06914693 0.01206599 0.0990809 0.06215694 0.04230196
