0.267149 
0.211944 0.816250 
0.156648 0.336150 3.110967 
2.402535 1.001114 1.287205 0.467161 
0.301870 3.168646 1.844180 0.571540 0.394361 
0.503678 1.529332 0.788530 3.920399 0.234553 8.502278 
3.124853 0.171548 0.220006 0.250690 0.766651 0.174653 0.399019 
0.139279 1.597241 5.622886 2.146897 0.349557 8.097306 1.211287 0.044878 
0.037158 0.139068 0.189483 0.049336 0.147864 0.122799 0.153664 0.006928 0.085276 
0.108752 0.387538 0.092568 0.035815 0.399254 0.617370 0.225586 0.018972 0.202328 2.343778 
0.255267 15.176345 1.030178 0.196011 0.396427 3.731061 2.642525 0.142626 0.878376 0.319044 0.422741 
0.430988 0.522887 0.351960 0.102916 0.683070 2.247889 0.621957 0.070803 0.228871 2.780325 4.767336 1.450453 
0.088392 0.116382 0.114044 0.066251 0.668683 0.133418 0.075116 0.039034 0.780377 0.488538 1.586897 0.143427 1.211385 
1.303487 0.178064 0.192016 0.065259 0.315140 0.406966 0.144065 0.135536 0.273070 0.087171 0.298010 0.087701 0.165232 0.104423 
7.472990 0.579607 3.004054 0.854304 5.789930 0.930019 0.709540 2.018826 0.527351 0.051443 0.070322 0.432286 0.281917 0.286341 0.473611 
2.276542 0.392852 1.332166 0.193248 2.577504 0.541748 0.690939 0.052900 0.272814 0.634227 0.224553 0.795413 1.360016 0.120449 0.745729 6.088861 
0.048841 0.673695 0.076107 0.073261 0.377566 0.284556 0.284138 0.130136 0.649073 0.047797 0.324911 0.148403 0.390301 2.189403 0.122493 0.131225 0.080727 
0.073190 0.425791 0.503951 0.250485 0.577049 0.306036 0.198368 0.024991 3.987606 0.083215 0.127898 0.372637 0.179514 7.784255 0.089874 0.175724 0.117177 2.629196 
1.351002 0.175990 0.120675 0.105544 1.491339 0.203270 0.463186 0.055506 0.065132 6.411609 1.020423 0.337618 1.047308 0.272790 0.407545 0.079844 1.634833 0.077263 0.083195 
0.122413 0.017757 0.020209 0.012086 0.018894 0.014525 0.009897 0.045663 0.020120 0.124002 0.168915 0.011684 0.037631 0.063612 0.023347 0.039268 0.046707 0.015603 0.050968 0.136701
