0.065259
3.920399 0.144065
3.110967 0.192016 0.788530
0.196011 0.087701 2.642525 1.030178
0.336150 0.178064 1.529332 0.816250 15.176345
0.571540 0.406966 8.502278 1.844180 3.731061 3.168646
0.854304 0.473611 0.709540 3.004054 0.432286 0.579607 0.930019
0.250690 0.135536 0.399019 0.220006 0.142626 0.171548 0.174653 2.018826
2.146897 0.273070 1.211287 5.622886 0.878376 1.597241 8.097306 0.527351 0.044878
0.193248 0.745729 0.690939 1.332166 0.795413 0.392852 0.541748 6.088861 0.052900 0.272814
0.156648 1.303487 0.503678 0.211944 0.255267 0.267149 0.301870 7.472990 3.124853 0.139279 2.276542
0.467161 0.315140 0.234553 1.287205 0.396427 1.001114 0.394361 5.789930 0.766651 0.349557 2.577504 2.402535
0.250485 0.089874 0.198368 0.503951 0.372637 0.425791 0.306036 0.175724 0.024991 3.987606 0.117177 0.073190 0.577049
0.102916 0.165232 0.621957 0.351960 1.450453 0.522887 2.247889 0.281917 0.070803 0.228871 1.360016 0.430988 0.683070 0.179514
0.105544 0.407545 0.463186 0.120675 0.337618 0.175990 0.203270 0.079844 0.055506 0.065132 1.634833 1.351002 1.491339 0.083195 1.047308
0.073261 0.122493 0.284138 0.076107 0.148403 0.673695 0.284556 0.131225 0.130136 0.649073 0.080727 0.048841 0.377566 2.629196 0.390301 0.077263
0.035815 0.298010 0.225586 0.092568 0.422741 0.387538 0.617370 0.070322 0.018972 0.202328 0.224553 0.108752 0.399254 0.127898 4.767336 1.020423 0.324911
0.049336 0.087171 0.153664 0.189483 0.319044 0.139068 0.122799 0.051443 0.006928 0.085276 0.634227 0.037158 0.147864 0.083215 2.780325 6.411609 0.047797 2.343778
0.066251 0.104423 0.075116 0.114044 0.143427 0.116382 0.133418 0.286341 0.039034 0.780377 0.120449 0.088392 0.668683 7.784255 1.211385 0.272790 2.189403 1.586897 0.488538
0.012086 0.023347 0.009897 0.020209 0.011684 0.017757 0.014525 0.039268 0.045663 0.020120 0.046707 0.122413 0.018894 0.050968 0.037631 0.136701 0.015603 0.168915 0.124002 0.063612
