0.557363 
0.539068 0.465628 
0.696831 0.032997 3.879799 
1.480953 4.566841 1.777582 0.310752 
1.402193 1.920868 1.276554 0.327085 0.972350 
1.335667 0.096752 0.255510 2.685052 0.088385 2.281328 
1.056193 0.423348 2.171283 0.933450 1.398738 0.369406 0.334900 
0.729300 2.712485 5.461073 0.679965 5.202985 4.012284 0.282038 0.585359 
0.267035 0.493033 0.523699 0.023230 2.563394 0.459103 0.176281 0.010013 0.551901 
0.700687 0.932999 0.206875 0.025161 3.939537 1.918986 0.154733 0.085684 1.446302 8.189198 
0.736759 3.603558 1.676442 0.070721 0.292188 2.403019 0.611829 0.307607 0.675279 0.627044 0.410941 
1.505101 0.819561 0.736222 0.089302 4.462071 2.539203 0.250970 0.204790 0.654198 11.105816 15.171688 1.258549 
0.541573 0.185468 0.343735 0.042217 5.958046 0.156533 0.064557 0.188906 3.891682 3.152154 5.098336 0.088022 4.518197 
1.155460 0.142408 0.044854 0.175385 0.123605 0.316005 0.157783 0.157894 0.347393 0.047328 0.344717 0.153954 0.054635 0.108793 
3.823040 0.733964 4.846938 0.890611 7.416660 0.987912 0.343107 2.296896 1.193558 0.368432 0.667347 0.535051 0.754875 1.469714 1.242760 
1.897039 0.590040 2.371940 0.347041 1.619173 1.025240 0.479587 0.210934 0.728868 5.106169 0.726618 1.152768 3.985684 0.433442 0.358997 9.007029 
0.296375 0.833840 0.091310 0.080326 5.217767 0.363445 0.078944 0.378088 1.571919 0.351013 2.139511 0.098671 2.796573 6.102504 0.023698 0.665667 0.292919 
0.297444 0.206563 0.871576 0.173621 11.803422 0.181973 0.110832 0.073892 12.757344 1.161331 1.646025 0.101481 1.732368 29.335598 0.037045 0.706902 0.346859 5.666524 
2.765737 0.415803 0.194725 0.093474 5.264577 0.734884 0.683342 0.156374 0.517626 26.038986 3.741256 0.457775 5.253478 1.999427 0.297563 0.344932 4.012753 0.385172 0.870088 
0.087622 0.083588 0.048847 0.098882 0.002815 0.062809 0.143166 0.055391 0.023310 0.015495 0.032465 0.102135 0.009511 0.008409 0.069323 0.057733 0.051876 0.003945 0.014462 0.028216
