0.175385
2.685052 0.157783
3.879799 0.044854 0.255510
0.070721 0.153954 0.611829 1.676442
0.032997 0.142408 0.096752 0.465628 3.603558
0.327085 0.316005 2.281328 1.276554 2.403019 1.920868
0.890611 1.242760 0.343107 4.846938 0.535051 0.733964 0.987912
0.933450 0.157894 0.334900 2.171283 0.307607 0.423348 0.369406 2.296896
0.679965 0.347393 0.282038 5.461073 0.675279 2.712485 4.012284 1.193558 0.585359
0.347041 0.358997 0.479587 2.371940 1.152768 0.590040 1.025240 9.007029 0.210934 0.728868
0.696831 1.155460 1.335667 0.539068 0.736759 0.557363 1.402193 3.823040 1.056193 0.729300 1.897039
0.310752 0.123605 0.088385 1.777582 0.292188 4.566841 0.972350 7.416660 1.398738 5.202985 1.619173 1.480953
0.173621 0.037045 0.110832 0.871576 0.101481 0.206563 0.181973 0.706902 0.073892 12.757344 0.346859 0.297444 11.803422
0.089302 0.054635 0.250970 0.736222 1.258549 0.819561 2.539203 0.754875 0.204790 0.654198 3.985684 1.505101 4.462071 1.732368
0.093474 0.297563 0.683342 0.194725 0.457775 0.415803 0.734884 0.344932 0.156374 0.517626 4.012753 2.765737 5.264577 0.870088 5.253478
0.080326 0.023698 0.078944 0.091310 0.098671 0.833840 0.363445 0.665667 0.378088 1.571919 0.292919 0.296375 5.217767 5.666524 2.796573 0.385172
0.025161 0.344717 0.154733 0.206875 0.410941 0.932999 1.918986 0.667347 0.085684 1.446302 0.726618 0.700687 3.939537 1.646025 15.171688 3.741256 2.139511
0.023230 0.047328 0.176281 0.523699 0.627044 0.493033 0.459103 0.368432 0.010013 0.551901 5.106169 0.267035 2.563394 1.161331 11.105816 26.038986 0.351013 8.189198
0.042217 0.108793 0.064557 0.343735 0.088022 0.185468 0.156533 1.469714 0.188906 3.891682 0.433442 0.541573 5.958046 29.335598 4.518197 1.999427 6.102504 5.098336 3.152154
0.098882 0.069323 0.143166 0.048847 0.102135 0.083588 0.062809 0.057733 0.055391 0.023310 0.051876 0.087622 0.002815 0.014462 0.009511 0.028216 0.003945 0.032465 0.015495 0.008409
