55.15710
50.98480 63.53460
73.89980 14.73040 542.94200
102.70400 52.81910 26.52560 3.02949
90.85980 303.55000 154.36400 61.67830 9.88179
158.28500 43.91570 94.71980 617.41600 2.13520 546.94700
141.67200 58.46650 112.55600 86.55840 30.66740 33.00520 56.77170
31.69540 213.71500 395.62900 93.06760 24.89720 429.41100 57.00250 24.94100
19.33350 18.69790 55.42360 3.94370 17.01350 11.39170 12.73950 3.04501 13.81900
39.79150 49.76710 13.15280 8.48047 38.42870 86.94890 15.42630 6.13037 49.94620 317.09700
90.62650 535.14200 301.20100 47.98550 7.40339 389.49000 258.44300 37.35580 89.04320 32.38320 25.75550
89.34960 68.31620 19.82210 10.37540 39.04820 154.52600 31.51240 17.41000 40.41410 425.74600 485.40200 93.42760
21.04940 10.27110 9.61621 4.67304 39.80200 9.99208 8.11339 4.99310 67.93710 105.94700 211.51700 8.88360 119.06300
143.85500 67.94890 19.50810 42.39840 10.94040 93.33720 68.23550 24.35700 69.61980 9.99288 41.58440 55.68960 17.13290 16.14440
337.07900 122.41900 397.42300 107.17600 140.76600 102.88700 70.49390 134.18200 74.01690 31.94400 34.47390 96.71300 49.39050 54.59310 161.32800
212.11100 55.44130 203.00600 37.48660 51.29840 85.79280 82.27650 22.58330 47.33070 145.81600 32.66220 138.69800 151.61200 17.19030 79.53840 437.80200
11.31330 116.39200 7.19167 12.97670 71.70700 21.57370 15.65570 33.69830 26.25690 21.24830 66.53090 13.75050 51.57060 152.96400 13.94050 52.37420 11.08640
24.07350 38.15330 108.60000 32.57110 54.38330 22.77100 19.63030 10.36040 387.34400 42.01700 39.86180 13.32640 42.84370 645.42800 21.60460 78.69930 29.11480 248.53900
200.60100 25.18490 19.62460 15.23350 100.21400 30.12810 58.87310 18.72470 11.83580 782.13000 180.03400 30.54340 205.84500 64.98920 31.48870 23.27390 138.82300 36.53690 31.47300
0.08662791 0.043972 0.0390894 0.05704511 0.0193078 0.0367281 0.05805891 0.08325181 0.0244313 0.048466 0.08620901 0.06202861 0.0195027 0.0384319 0.0457631 0.06951791 0.06101271 0.0143859 0.0352742 0.07089561
