0.156557
0.316954 0.196303
0.127395 0.161444 2.58443
0.0988179 2.11517 0.528191 5.46947
0.584665 3.95629 1.34182 0.404141 0.13819
0.545931 1.12556 0.171903 0.1741 0.0304501 0.696198
0.740169 0.113917 0.473307 0.0999288 3.17097 0.31944 0.186979
0.908598 0.679371 0.551571 0.315124 0.512984 0.187247 1.52964 0.262569
0.113133 1.05947 0.240735 0.947198 1.00214 0.336983 6.45428 3.87344 0.021352
0.212483 0.305434 0.42017 1.38698 3.8949 0.133264 0.137505 4.85402 0.934276 3.01201
0.738998 0.822765 0.210494 0.567717 0.265256 0.24357 0.0999208 4.29411 0.509848 2.12111 1.45816
1.58285 0.588731 1.41672 0.570025 0.109404 0.330052 0.102711 2.13715 1.43855 2.00601 7.8213 1.02704
0.215737 0.786993 0.22771 0.523742 0.381533 0.110864 1.38823 0.291148 0.554413 0.251849 0.365369 0.857928 0.301281
0.616783 0.0961621 0.147304 0.704939 0.325711 0.499462 0.0613037 0.554236 0.374866 0.152335 0.96713 5.42942 0.423984 0.232739
0.869489 0.683162 0.497671 1.54526 0.398618 1.51612 0.493905 2.05845 0.326622 1.80034 0.515706 0.131528 0.415844 0.31473 0.171329
1.54364 0.795384 0.635346 1.61328 1.086 0.139405 0.314887 0.216046 2.03006 0.196246 3.0355 0.428437 0.195081 2.48539 0.679489 1.02887
0.0467304 1.19063 0.865584 0.439157 0.103754 0.890432 0.373558 4.25746 0.039437 0.479855 5.35142 0.543833 6.17416 4.37802 0.0811339 0.198221 0.933372
0.248972 0.088836 0.170135 0.682355 0.71707 0.103604 0.24941 0.323832 0.384287 0.390482 0.556896 0.39802 0.306674 1.16392 0.129767 0.665309 0.0719167 0.0848047
0.397915 0.049931 0.893496 0.154263 1.40766 0.225833 0.649892 0.118358 3.37079 0.0302949 0.257555 0.193335 0.906265 1.22419 1.07176 0.344739 3.97423 0.930676 0.0740339
0.0570451 0.0457631 0.0580589 0.0390894 0.0620286 0.043972 0.0367281 0.0695179 0.0832518 0.0244313 0.0610127 0.0866279 0.0193078 0.0352742 0.0195027 0.0708956 0.0143859 0.086209 0.048466 0.0384319
