0 1: 96 0.657534
1 2: 68 0.465753
2 3: 74 0.506849
3 4: 78 0.534247
4 5: 78 0.534247
5 6: 36 0.246575
6 7: 72 0.493151
7 8: 52 0.356164
8 9: 74 0.506849
9 10: 34 0.232877
10 11: 68 0.465753
11 12: 20 0.136986
12 13: 36 0.246575
13 14: 42 0.287671
14 15: 24 0.164384
15 16: 14 0.095890
16 17: 42 0.287671
17 18: 0 0.000000
18 19: 26 0.178082
19 20: 18 0.123288
20 21: 16 0.109589
21 22: 12 0.082192
22 23: 8 0.054795
23 24: 0 0.000000
24 25: 12 0.082192
25 26: 20 0.136986
26 27: 16 0.109589
27 28: 4 0.027397
28 29: 18 0.123288
29 30: 16 0.109589
30 31: 12 0.082192
31 32: 0 0.000000
32 33: 6 0.041096
33 34: 14 0.095890
34 35: 0 0.000000
35 36: 4 0.027397
36 37: 2 0.013699
37 38: 2 0.013699
38 39: 4 0.027397
39 40: 2 0.013699
40 41: 8 0.054795
41 42: 2 0.013699
42 43: 2 0.013699
43 44: 0 0.000000
44 45: 2 0.013699
45 46: 0 0.000000
46 47: 2 0.013699
47 48: 4 0.027397
48 49: 2 0.013699
49 50: 0 0.000000
50 51: 0 0.000000
51 52: 4 0.027397
52 53: 0 0.000000
53 54: 0 0.000000
54 55: 0 0.000000
55 56: 0 0.000000
56 57: 2 0.013699
57 58: 0 0.000000
58 59: 28 0.191781
59 60: 2 0.013699
60 61: 2 0.013699
61 62: 4 0.027397
62 63: 18 0.123288
63 64: 0 0.000000
64 65: 0 0.000000
65 66: 0 0.000000
66 67: 6 0.041096
67 68: 0 0.000000
68 69: 2 0.013699
69 70: 6 0.041096
70 71: 2 0.013699
71 72: 0 0.000000
72 73: 8 0.054795
73 74: 2 0.013699
74 75: 4 0.027397
75 76: 0 0.000000
76 77: 0 0.000000
77 78: 0 0.000000
78 79: 0 0.000000
79 80: 0 0.000000
80 81: 0 0.000000
81 82: 6 0.041096
82 83: 0 0.000000
83 84: 0 0.000000
84 85: 0 0.000000
85 86: 0 0.000000
86 87: 2 0.013699
87 88: 0 0.000000
88 89: 0 0.000000
89 90: 4 0.027397
90 91: 0 0.000000
91 92: 2 0.013699
92 93: 0 0.000000
93 94: 0 0.000000
94 95: 28 0.191781
95 96: 4 0.027397
96 97: 10 0.068493
97 98: 0 0.000000
98 99: 0 0.000000
99 100: 0 0.000000
100 101: 0 0.000000
101 102: 0 0.000000
102 103: 0 0.000000
103 104: 2 0.013699
104 105: 0 0.000000
105 106: 0 0.000000
106 107: 0 0.000000
107 108: 0 0.000000
108 109: 0 0.000000
109 110: 0 0.000000
110 111: 0 0.000000
111 112: 2 0.013699
112 113: 0 0.000000
113 114: 0 0.000000
114 115: 0 0.000000
115 116: 0 0.000000
116 117: 2 0.013699
117 118: 0 0.000000
118 119: 0 0.000000
119 120: 0 0.000000
120 121: 0 0.000000
121 122: 0 0.000000
122 123: 0 0.000000
123 124: 2 0.013699
124 125: 0 0.000000
125 126: 0 0.000000
126 127: 0 0.000000
127 128: 2 0.013699
128 129: 0 0.000000
129 130: 0 0.000000
130 131: 0 0.000000
131 132: 2 0.013699
132 133: 0 0.000000
133 134: 10 0.068493
134 135: 0 0.000000
135 136: 0 0.000000
136 137: 6 0.041096
137 138: 0 0.000000
138 139: 0 0.000000
139 140: 0 0.000000
140 141: 0 0.000000
141 142: 0 0.000000
142 143: 0 0.000000
143 144: 0 0.000000
144 145: 2 0.013699
145 146: 0 0.000000
146 147: 0 0.000000
147 148: 0 0.000000
148 149: 2 0.013699
149 150: 2 0.013699
150 151: 0 0.000000
151 152: 0 0.000000
152 153: 0 0.000000
153 154: 0 0.000000
154 155: 0 0.000000
155 156: 0 0.000000
156 157: 0 0.000000
157 158: 0 0.000000
158 159: 2 0.013699
159 160: 2 0.013699
160 161: 0 0.000000
161 162: 0 0.000000
162 163: 0 0.000000
163 164: 0 0.000000
164 165: 0 0.000000
165 166: 0 0.000000
166 167: 0 0.000000
167 168: 6 0.041096
168 169: 0 0.000000
169 170: 0 0.000000
170 171: 0 0.000000
171 172: 2 0.013699
172 173: 6 0.041096
173 174: 0 0.000000
174 175: 4 0.027397
175 176: 0 0.000000
176 177: 0 0.000000
177 178: 6 0.041096
178 179: 2 0.013699
179 180: 0 0.000000
180 181: 0 0.000000
181 182: 0 0.000000
182 183: 0 0.000000
183 184: 2 0.013699
184 185: 0 0.000000
185 186: 0 0.000000
186 187: 2 0.013699
187 188: 0 0.000000
188 189: 0 0.000000
189 190: 2 0.013699
190 191: 0 0.000000
191 192: 0 0.000000
192 193: 0 0.000000
193 194: 0 0.000000
194 195: 0 0.000000
195 196: 0 0.000000
196 197: 0 0.000000
197 198: 0 0.000000
198 199: 2 0.013699
199 200: 0 0.000000
200 201: 0 0.000000
201 202: 0 0.000000
202 203: 0 0.000000
203 204: 0 0.000000
204 205: 0 0.000000
205 206: 4 0.027397
206 207: 0 0.000000
207 208: 2 0.013699
208 209: 0 0.000000
209 210: 0 0.000000
210 211: 0 0.000000
211 212: 0 0.000000
212 213: 0 0.000000
213 214: 0 0.000000
214 215: 0 0.000000
215 216: 0 0.000000
216 217: 0 0.000000
217 218: 2 0.013699
218 219: 0 0.000000
219 220: 2 0.013699
220 221: 0 0.000000
221 222: 0 0.000000
222 223: 0 0.000000
223 224: 2 0.013699
224 225: 0 0.000000
225 226: 0 0.000000
226 227: 0 0.000000
227 228: 0 0.000000
228 229: 0 0.000000
229 230: 0 0.000000
230 231: 0 0.000000
231 232: 0 0.000000
232 233: 0 0.000000
233 234: 0 0.000000
234 235: 2 0.013699
235 236: 4 0.027397
236 237: 0 0.000000
237 238: 0 0.000000
238 239: 0 0.000000
239 240: 0 0.000000
240 241: 0 0.000000
241 242: 2 0.013699
242 243: 0 0.000000
243 244: 0 0.000000
244 245: 2 0.013699
245 246: 0 0.000000
246 247: 0 0.000000
247 248: 0 0.000000
248 249: 2 0.013699
249 250: 0 0.000000
250 251: 0 0.000000
251 252: 0 0.000000
252 253: 0 0.000000
253 254: 0 0.000000
254 255: 0 0.000000
255 256: 2 0.013699
256 257: 0 0.000000
257 258: 0 0.000000
258 259: 0 0.000000
259 260: 2 0.013699
260 261: 0 0.000000
261 262: 0 0.000000
262 263: 0 0.000000
263 264: 0 0.000000
264 265: 4 0.027397
265 266: 0 0.000000
266 267: 2 0.013699
267 268: 2 0.013699
268 269: 0 0.000000
269 270: 0 0.000000
270 271: 0 0.000000
271 272: 2 0.013699
272 273: 2 0.013699
273 274: 0 0.000000
274 275: 0 0.000000
275 276: 0 0.000000
276 277: 0 0.000000
277 278: 2 0.013699
278 279: 0 0.000000
279 280: 0 0.000000
280 281: 0 0.000000
281 282: 0 0.000000
282 283: 0 0.000000
283 284: 0 0.000000
284 285: 0 0.000000
285 286: 0 0.000000
286 287: 0 0.000000
287 288: 2 0.013699
288 289: 2 0.013699
289 290: 0 0.000000
290 291: 0 0.000000
291 292: 2 0.013699
292 293: 0 0.000000
293 294: 0 0.000000
294 295: 0 0.000000
295 296: 0 0.000000
296 297: 0 0.000000
297 298: 0 0.000000
298 299: 0 0.000000
299 300: 0 0.000000
300 301: 0 0.000000
301 302: 0 0.000000
302 303: 0 0.000000
303 304: 0 0.000000
304 305: 0 0.000000
305 306: 0 0.000000
306 307: 2 0.013699
307 308: 0 0.000000
308 309: 0 0.000000
309 310: 0 0.000000
310 311: 0 0.000000
311 312: 2 0.013699
312 313: 0 0.000000
313 314: 0 0.000000
314 315: 0 0.000000
315 316: 0 0.000000
316 317: 2 0.013699
317 318: 0 0.000000
318 319: 0 0.000000
319 320: 0 0.000000
320 321: 2 0.013699
321 322: 0 0.000000
322 323: 0 0.000000
323 324: 0 0.000000
324 325: 2 0.013699
325 326: 0 0.000000
326 327: 0 0.000000
327 328: 2 0.013699
328 329: 0 0.000000
329 330: 0 0.000000
330 331: 0 0.000000
331 332: 2 0.013699
332 333: 0 0.000000
333 334: 0 0.000000
334 335: 2 0.013699
335 336: 2 0.013699
336 337: 0 0.000000
337 338: 0 0.000000
338 339: 0 0.000000
339 340: 2 0.013699
340 341: 0 0.000000
341 342: 0 0.000000
342 343: 0 0.000000
343 344: 0 0.000000
344 345: 2 0.013699
345 346: 2 0.013699
346 347: 2 0.013699
347 348: 2 0.013699
348 349: 0 0.000000
349 350: 0 0.000000
350 351: 0 0.000000
351 352: 0 0.000000
352 353: 0 0.000000
353 354: 0 0.000000
354 355: 0 0.000000
355 356: 0 0.000000
356 357: 2 0.013699
357 358: 2 0.013699
358 359: 2 0.013699
359 360: 0 0.000000
360 361: 0 0.000000
361 362: 2 0.013699
362 363: 0 0.000000
363 364: 0 0.000000
364 365: 2 0.013699
365 366: 0 0.000000
366 367: 0 0.000000
367 368: 0 0.000000
368 369: 0 0.000000
369 370: 0 0.000000
370 371: 0 0.000000
371 372: 0 0.000000
372 373: 0 0.000000
373 374: 0 0.000000
374 375: 0 0.000000
375 376: 2 0.013699
376 377: 0 0.000000
377 378: 0 0.000000
378 379: 0 0.000000
379 380: 0 0.000000
380 381: 0 0.000000
381 382: 0 0.000000
382 383: 0 0.000000
383 384: 0 0.000000
384 385: 0 0.000000
385 386: 0 0.000000
386 387: 0 0.000000
387 388: 2 0.013699
388 389: 2 0.013699
389 390: 0 0.000000
390 391: 2 0.013699
391 392: 0 0.000000
392 393: 0 0.000000
393 394: 0 0.000000
394 395: 0 0.000000
395 396: 2 0.013699
396 397: 0 0.000000
397 398: 2 0.013699
398 399: 0 0.000000
399 400: 0 0.000000
400 401: 0 0.000000
401 402: 0 0.000000
402 403: 0 0.000000
403 404: 0 0.000000
404 405: 0 0.000000
405 406: 0 0.000000
406 407: 0 0.000000
407 408: 0 0.000000
408 409: 0 0.000000
409 410: 2 0.013699
410 411: 0 0.000000
411 412: 2 0.013699
412 413: 2 0.013699
413 414: 0 0.000000
414 415: 2 0.013699
415 416: 0 0.000000
416 417: 0 0.000000
417 418: 2 0.013699
418 419: 4 0.027397
419 420: 2 0.013699
420 421: 0 0.000000
421 422: 2 0.013699
422 423: 2 0.013699
423 424: 0 0.000000
424 425: 2 0.013699
425 426: 0 0.000000
426 427: 4 0.027397
427 428: 0 0.000000
428 429: 0 0.000000
429 430: 0 0.000000
430 431: 0 0.000000
431 432: 0 0.000000
432 433: 0 0.000000
433 434: 0 0.000000
434 435: 0 0.000000
435 436: 0 0.000000
436 437: 2 0.013699
437 438: 2 0.013699
438 439: 0 0.000000
439 440: 0 0.000000
440 441: 0 0.000000
441 442: 0 0.000000
442 443: 2 0.013699
443 444: 2 0.013699
444 445: 2 0.013699
445 446: 2 0.013699
446 447: 2 0.013699
447 448: 0 0.000000
448 449: 0 0.000000
449 450: 2 0.013699
450 451: 4 0.027397
451 452: 2 0.013699
452 453: 0 0.000000
453 454: 0 0.000000
454 455: 0 0.000000
455 456: 2 0.013699
456 457: 0 0.000000
457 458: 0 0.000000
458 459: 0 0.000000
459 460: 0 0.000000
460 461: 0 0.000000
461 462: 0 0.000000
462 463: 0 0.000000
463 464: 0 0.000000
464 465: 0 0.000000
465 466: 0 0.000000
466 467: 0 0.000000
467 468: 2 0.013699
468 469: 2 0.013699
469 470: 4 0.027397
470 471: 0 0.000000
471 472: 2 0.013699
472 473: 0 0.000000
473 474: 2 0.013699
474 475: 0 0.000000
475 476: 0 0.000000
476 477: 0 0.000000
477 478: 0 0.000000
478 479: 0 0.000000
479 480: 0 0.000000
480 481: 0 0.000000
481 482: 0 0.000000
482 483: 2 0.013699
483 484: 2 0.013699
484 485: 0 0.000000
485 486: 2 0.013699
486 487: 0 0.000000
487 488: 0 0.000000
488 489: 0 0.000000
489 490: 0 0.000000
490 491: 2 0.013699
491 492: 0 0.000000
492 493: 0 0.000000
493 494: 0 0.000000
494 495: 2 0.013699
495 496: 0 0.000000
496 497: 2 0.013699
497 498: 0 0.000000
498 499: 2 0.013699
