0.338649 
0.201335 0.981635 
0.283859 0.247537 6.505182 
2.640244 0.904730 1.353325 0.312005 
0.543136 4.570308 2.439639 0.682052 0.216787 
0.748479 0.917979 0.804756 10.030310 0.024055 8.670112 
2.700465 0.539246 0.810739 0.810727 0.701320 0.330139 0.636675 
0.237686 3.175221 6.308043 1.540002 0.469875 8.675492 0.750683 0.183743 
0.044209 0.099241 0.162644 0.020816 0.166986 0.082745 0.030581 0.005017 0.075820 
0.124047 0.314159 0.088243 0.017526 0.449241 0.641784 0.073392 0.017752 0.277023 2.383760 
0.433721 17.781822 2.851914 0.459939 0.117548 6.815411 3.482941 0.484653 1.247888 0.161658 0.219757 
0.497479 0.448773 0.380964 0.057176 0.815999 2.089412 0.291379 0.054491 0.307450 2.817174 4.759683 1.082403 
0.093991 0.055530 0.098936 0.026160 0.662517 0.091948 0.022760 0.034431 0.675645 0.521416 1.672365 0.077917 1.296869 
0.986621 0.356417 0.214521 0.246129 0.164228 0.654039 0.295079 0.179095 0.428213 0.037671 0.170780 0.347219 0.074086 0.057233 
5.925588 0.979993 4.725421 1.158990 5.111992 1.120931 0.737456 2.279470 0.886126 0.051057 0.089611 0.925355 0.275366 0.274582 1.151114 
1.958501 0.630713 2.007592 0.289641 2.284140 0.787821 0.539892 0.097432 0.467489 0.644041 0.202812 1.401676 1.340732 0.103118 0.601281 8.190534 
0.068357 0.784449 0.109073 0.085810 0.457880 0.297731 0.155877 0.157418 0.708743 0.054134 0.374568 0.115777 0.477495 2.362999 0.047127 0.209085 0.097054 
0.084768 0.312038 0.615093 0.202611 0.788164 0.293543 0.137306 0.035497 4.938330 0.101803 0.180086 0.280737 0.264540 8.142914 0.059308 0.264401 0.133054 2.905674 
1.387752 0.140091 0.112176 0.058637 1.575057 0.203946 0.239406 0.044011 0.085226 6.427279 1.035942 0.244336 1.033583 0.278010 0.213475 0.079878 1.592560 0.081135 0.108383 
0.123119 0.019475 0.019852 0.018583 0.018711 0.017275 0.018723 0.050388 0.016402 0.119697 0.161399 0.012776 0.035838 0.057019 0.030913 0.043472 0.049935 0.012600 0.039929 0.133894
