0.228492 
0.165543 0.916344 
0.238509 0.258514 8.498064 
3.374029 1.037434 1.667702 0.332072 
0.344742 4.971495 2.471912 0.654950 0.130301 
0.417921 1.039226 0.875808 13.073209 0.040759 9.834742 
4.248714 0.411876 0.585570 0.748848 0.908311 0.221633 0.593504 
0.182762 3.872065 6.999812 1.719470 0.493863 8.695395 0.749303 0.137367 
0.011705 0.090751 0.149898 0.021996 0.077693 0.043664 0.013820 0.001527 0.073342 
0.133793 0.286232 0.065118 0.015540 0.456304 0.546974 0.052641 0.024196 0.226460 2.160734 
0.249141 17.756919 3.385483 0.343780 0.093875 6.677050 2.745017 0.295602 1.481997 0.100576 0.167406 
0.641194 0.342577 0.427146 0.059345 0.867233 2.306480 0.218260 0.058613 0.358032 2.187901 5.151337 0.750049 
0.118366 0.068606 0.102572 0.009357 0.633943 0.033356 0.012944 0.024474 0.497973 0.534407 1.581972 0.063281 1.329239 
1.561052 0.483968 0.385170 0.261437 0.310131 0.913924 0.355871 0.175520 0.512823 0.019789 0.295416 0.348527 0.104569 0.059641 
5.891807 1.320618 5.737159 1.074011 4.702782 1.389531 0.878480 2.178078 1.111068 0.033343 0.094349 1.035903 0.327901 0.292022 1.344678 
2.059884 0.976165 2.166428 0.369522 1.951862 0.815145 0.575774 0.060834 0.558388 0.422299 0.153549 1.793263 1.268126 0.085468 0.780914 9.031309 
0.081683 0.814216 0.057557 0.055146 0.450959 0.191881 0.109420 0.144367 0.651978 0.068649 0.345622 0.169527 0.387902 1.883741 0.023466 0.309129 0.111568 
0.052650 0.248907 0.570101 0.180267 0.701260 0.253975 0.061388 0.025465 4.206114 0.083799 0.147600 0.226848 0.254720 6.549427 0.027521 0.283138 0.141408 2.561108 
1.355342 0.137437 0.104597 0.051387 1.203830 0.218892 0.194527 0.031054 0.088935 4.577473 1.003647 0.153722 0.883283 0.242657 0.191295 0.068785 0.990922 0.056276 0.078264 
0.087158 0.015906 0.012970 0.012566 0.020325 0.013301 0.013777 0.039603 0.014597 0.161107 0.147775 0.011033 0.031334 0.064281 0.013322 0.035417 0.048583 0.012672 0.045210 0.199064
