0.317211 
0.209784 1.120865 
0.315205 0.301050 7.439896 
2.214446 0.884449 1.356293 0.110768 
0.465495 4.319791 2.843187 1.082540 0.215988 
0.668735 0.901135 0.986572 11.245156 0.009874 7.561773 
3.614157 0.568883 0.972660 1.036117 0.894733 0.409083 0.780808 
0.249929 3.138701 7.344935 1.747672 0.379845 9.559763 0.842239 0.146008 
0.059633 0.103290 0.206475 0.017492 0.286194 0.123433 0.037593 0.010910 0.071273 
0.096230 0.285199 0.113728 0.015874 0.439724 0.547078 0.063675 0.021607 0.303531 2.097349 
0.380075 15.783354 2.780107 0.569108 0.093004 6.179905 3.209588 0.413960 1.002075 0.185911 0.185249 
0.371379 0.411553 0.398602 0.076761 0.727245 1.665645 0.249045 0.068128 0.256194 2.940308 3.649539 0.972247 
0.075616 0.043519 0.096446 0.041118 0.636688 0.102460 0.039991 0.041269 0.839126 0.376556 1.551814 0.064774 1.173962 
1.100574 0.385197 0.319458 0.353000 0.112549 0.805706 0.369483 0.482895 0.520098 0.058167 0.144341 0.361488 0.074069 0.057968 
6.832958 0.955160 5.296628 1.265211 6.144756 1.315182 0.902504 3.903795 0.862633 0.072343 0.080478 0.979654 0.330305 0.328917 1.924898 
2.223205 0.445571 2.461831 0.299635 2.943208 0.830637 0.621903 0.184055 0.468356 0.911139 0.208091 1.343261 1.515339 0.158763 0.915879 9.298787 
0.062541 0.806724 0.110928 0.132125 0.414525 0.388313 0.191952 0.271274 0.909529 0.025790 0.343842 0.099137 0.543577 2.467147 0.044938 0.215329 0.087955 
0.082948 0.329591 0.693402 0.286594 0.866329 0.259566 0.167425 0.049038 6.332054 0.093136 0.177755 0.275998 0.261754 8.344684 0.088981 0.335859 0.137177 3.125017 
1.390479 0.142986 0.175068 0.106294 1.687293 0.159520 0.297915 0.080925 0.085103 6.414688 0.953785 0.240157 1.097345 0.264988 0.373870 0.144230 2.572837 0.089110 0.115941 
0.158060 0.021566 0.016487 0.014079 0.016937 0.020232 0.023096 0.032822 0.014618 0.114447 0.198900 0.014668 0.042840 0.053434 0.015640 0.037275 0.043095 0.012211 0.036330 0.113263
