0.434227 
0.551823 0.569806 
0.698268 0.056291 3.064314 
2.026002 2.379205 1.077282 0.016649 
0.986617 1.606282 1.331570 0.426399 0.409724 
1.005936 0.120122 0.390888 2.999742 0.021217 1.881156 
3.221202 0.736168 2.269617 1.272893 1.771711 0.622430 0.656603 
0.515574 2.032567 5.484997 0.666491 2.985549 3.380526 0.265244 0.557878 
0.200810 0.241566 0.441585 0.009830 1.541200 0.198621 0.069562 0.043838 0.339616 
0.328669 0.583849 0.178015 0.022077 2.045404 1.046125 0.089148 0.104708 0.875298 8.628242 
0.598864 3.090263 1.682415 0.113637 0.207957 2.085253 0.582536 0.376534 0.554395 0.371883 0.290692 
0.799278 0.528354 0.704087 0.062290 2.303849 1.507620 0.173293 0.356580 0.492228 10.028453 12.162732 0.867109 
0.256227 0.083117 0.192262 0.030759 4.328951 0.078062 0.022890 0.181917 2.406824 2.014776 4.856941 0.041675 3.521229 
1.118844 0.147481 0.061969 0.323498 0.171678 0.387521 0.237715 0.641036 0.433529 0.069102 0.359935 0.164055 0.063832 0.126592 
5.069051 0.749554 5.245486 0.840686 7.114530 1.177802 0.382956 6.139836 1.086779 0.194824 0.424579 0.655759 0.682174 0.753148 1.355810 
2.949741 0.623328 3.248881 0.406219 3.345739 1.214278 0.538553 0.867954 0.747654 3.316346 0.754081 1.193593 3.516479 0.366653 0.622665 7.975653 
0.115446 0.394156 0.090971 0.055309 1.947845 0.185912 0.046886 0.451084 1.173014 0.277029 1.078778 0.054622 1.516237 5.813526 0.071865 0.359167 0.106921 
0.205680 0.197878 0.678775 0.118188 4.183184 0.139485 0.059999 0.051336 10.200670 0.507328 0.721921 0.086974 0.741023 24.191458 0.046460 0.489820 0.247367 4.904042 
2.494211 0.280293 0.235248 0.083648 5.509932 0.429196 0.409105 0.447130 0.351675 23.404006 3.840750 0.300727 4.126659 1.483049 0.675560 0.336101 4.426709 0.309940 0.588217 
0.115826 0.094038 0.037357 0.085821 0.003363 0.073078 0.167709 0.025416 0.021634 0.024147 0.050238 0.106612 0.013318 0.013330 0.029895 0.044902 0.037901 0.006460 0.018548 0.030407
