0.464716 
0.597009 0.420578 
1.010693 0.048553 5.944290 
3.915828 2.088244 0.878468 0.236108 
1.156023 1.882317 1.435926 0.338823 0.482742 
1.131098 0.127150 0.346338 3.317186 0.061060 2.724696 
4.638659 0.351041 1.379174 1.216518 1.396050 0.199361 0.353970 
0.657615 2.215990 4.150252 0.717363 1.853969 3.768864 0.347165 0.313421 
0.078558 0.127092 0.347281 0.032361 0.605448 0.171553 0.104678 0.010608 0.309418 
0.516672 0.510585 0.105529 0.039188 1.808273 1.017577 0.112010 0.044661 0.772131 5.693102 
0.519389 3.571104 1.844049 0.109305 0.103105 2.232749 0.653339 0.195325 0.547017 0.219311 0.253086 
1.658261 0.640712 0.558751 0.063591 1.694880 2.088441 0.194697 0.291701 0.321392 6.220456 12.392618 0.862547 
0.426071 0.064894 0.132019 0.034872 2.076573 0.085745 0.026972 0.099963 1.388250 1.765294 3.859637 0.032198 3.134107 
3.082729 0.250470 0.232578 0.376163 0.290522 0.502379 0.240501 0.302007 0.283950 0.013574 0.606936 0.248475 0.226716 0.058246 
7.012884 0.866957 5.008997 0.814153 4.758346 1.192080 0.595351 2.514269 0.993487 0.135167 0.349525 0.542021 0.512591 0.744682 1.258172 
2.037755 0.446367 1.618299 0.203392 1.177421 0.840646 0.583757 0.071515 0.466886 1.503883 0.260405 0.934230 2.245607 0.123552 0.258896 4.504833 
0.171334 0.385971 0.087717 0.019596 1.015512 0.127027 0.037725 0.217844 0.822780 0.095756 0.777332 0.039952 0.977419 3.217291 0.015240 0.301259 0.102153 
0.194998 0.091803 0.433021 0.086495 3.074882 0.111578 0.041481 0.048438 4.904785 0.336528 0.411742 0.087476 0.640594 14.126821 0.061656 0.338111 0.129249 2.902137 
2.811391 0.216605 0.127240 0.061503 2.320268 0.390874 0.450783 0.132513 0.234279 12.181354 2.539512 0.233848 3.363159 0.717467 0.138035 0.159602 1.615372 0.132268 0.186175 
0.043140 0.090761 0.034408 0.052848 0.006370 0.053817 0.107749 0.024812 0.029498 0.049134 0.050167 0.098127 0.013722 0.025841 0.037395 0.056505 0.094326 0.012045 0.039238 0.080099
