0.526738 
0.483150 0.505837 
0.658902 0.051052 3.902456 
2.051872 2.214326 0.961103 0.129989 
1.280002 2.039552 1.301786 0.399061 0.456521 
1.306565 0.137928 0.285806 3.100403 0.033946 2.514377 
1.370782 0.363365 1.820100 0.885317 0.886564 0.320746 0.303966 
0.540809 2.288922 4.949307 0.700890 2.172284 3.755421 0.270957 0.401311 
0.171986 0.237023 0.337226 0.018315 1.037046 0.212032 0.084442 0.012279 0.317239 
0.430511 0.670514 0.158937 0.021949 1.702066 1.261113 0.110508 0.052946 0.869247 8.675343 
0.697731 3.881079 1.677194 0.105450 0.146263 2.570254 0.730337 0.279865 0.598289 0.338782 0.313102 
1.043937 0.656943 0.539827 0.066925 1.846562 1.973592 0.188160 0.158136 0.519993 9.483497 14.176858 1.013268 
0.265209 0.097443 0.182522 0.026918 3.002586 0.080193 0.023999 0.084663 2.047163 2.193062 4.802817 0.044792 3.261401 
1.270693 0.166534 0.068692 0.228829 0.156216 0.362501 0.214847 0.148900 0.323141 0.071992 0.343919 0.195470 0.099252 0.087020 
4.826665 0.751947 4.412265 0.975564 5.294149 1.033459 0.382235 1.970857 0.993310 0.190509 0.389101 0.592156 0.557254 0.668834 1.223981 
2.131819 0.584329 2.133604 0.368887 2.067387 1.013613 0.511390 0.174527 0.580960 2.563630 0.522334 1.147459 2.960091 0.244420 0.413148 7.384701 
0.143081 0.475590 0.061094 0.042618 1.603125 0.210329 0.048276 0.186382 0.961546 0.208313 1.130724 0.052858 1.328785 5.210001 0.045945 0.316078 0.144393 
0.208643 0.196271 0.599369 0.121313 3.842632 0.158470 0.064648 0.039280 8.230282 0.517123 0.713426 0.084962 0.812142 23.228875 0.043249 0.405310 0.234217 4.903887 
2.544463 0.313443 0.172264 0.073705 4.207648 0.497398 0.484620 0.132496 0.329895 23.711178 3.466991 0.348362 4.136445 1.199764 0.368231 0.266531 3.184874 0.252132 0.459187 
0.088367 0.078147 0.047163 0.087976 0.004517 0.058526 0.128039 0.056993 0.024856 0.025277 0.045202 0.094639 0.012338 0.016158 0.060124 0.055346 0.051290 0.006771 0.021554 0.036718
